Input: 1.1
0,	0,	1,	0,	0,		None
14,	0,	1,	0,	0,		Fill
14,	0,	1,	0,	8,		Fill
14,	10,	1,	0,	8,		Fill
14,	5,	6,	0,	8,		Pour
12,	5,	6,	2,	8,		Pour
12,	5,	6,	0,	8,		Empty
12,	5,	4,	2,	8,		Pour
12,	7,	4,	0,	8,		Pour
12,	7,	4,	2,	8,		Fill
12,	9,	4,	0,	8,		Pour
12,	9,	4,	2,	8,		Fill
12,	10,	4,	1,	8,		Pour
14,	8,	4,	1,	8,		Pour
13,	8,	4,	2,	8,		Pour
13,	8,	4,	0,	8,		Empty
13,	6,	4,	2,	8,		Pour
13,	6,	4,	0,	8,		Empty
14,	6,	4,	0,	7,		Pour
12,	6,	4,	2,	7,		Pour
12,	6,	4,	1,	8,		Pour
Path / States: 20/80 (732)

Input: 1.2
0,	0,	1,	0,	0,		None
14,	0,	1,	0,	0,		Fill
14,	0,	1,	0,	8,		Fill
14,	0,	6,	0,	3,		Pour
14,	3,	6,	0,	0,		Pour
14,	3,	6,	0,	8,		Fill
14,	3,	6,	2,	6,		Pour
14,	3,	6,	0,	6,		Empty
14,	3,	6,	2,	4,		Pour
14,	5,	6,	0,	4,		Pour
14,	5,	0,	0,	4,		Empty
14,	0,	5,	0,	4,		Pour
14,	4,	5,	0,	0,		Pour
14,	4,	5,	0,	8,		Fill
14,	4,	5,	2,	6,		Pour
14,	4,	5,	0,	6,		Empty
14,	4,	5,	2,	4,		Pour
14,	4,	5,	0,	4,		Empty
Path / States: 17/544 (1724)

Input: 1.3
0,	0,	1,	0,	0,		None
14,	0,	1,	0,	0,		Fill
14,	0,	6,	0,	0,		Fill
12,	0,	6,	2,	0,		Pour
12,	10,	6,	2,	0,		Fill
12,	10,	6,	0,	2,		Pour
12,	8,	6,	2,	2,		Pour
12,	8,	6,	0,	4,		Pour
12,	6,	6,	2,	4,		Pour
Path / States: 8/12 (121)

Input: 1.4
0,	0,	1,	0,	0,		None
0,	0,	1,	0,	8,		Fill
0,	0,	1,	2,	8,		Fill
0,	2,	1,	0,	8,		Pour
0,	2,	1,	2,	8,		Fill
Path / States: 4/5 (47)

Input: 2.1
0,	0,	0,	0,	0,		None
0,	0,	8,	0,	0,		Fill
8,	0,	0,	0,	0,		Pour
8,	0,	8,	0,	0,		Fill
8,	8,	0,	0,	0,		Pour
8,	8,	8,	0,	0,		Fill
8,	12,	4,	0,	0,		Pour
15,	5,	4,	0,	0,		Pour
11,	5,	8,	0,	0,		Pour
5,	5,	8,	0,	6,		Pour
5,	5,	8,	0,	0,		Empty
5,	5,	0,	0,	0,		Empty
5,	0,	5,	0,	0,		Pour
5,	12,	5,	0,	0,		Fill
5,	6,	5,	0,	6,		Pour
5,	6,	5,	0,	0,		Empty
5,	6,	5,	4,	0,		Fill
5,	6,	5,	0,	4,		Pour
5,	6,	8,	0,	1,		Pour
5,	6,	0,	0,	1,		Empty
0,	6,	5,	0,	1,		Pour
6,	0,	5,	0,	1,		Pour
6,	5,	0,	0,	1,		Pour
6,	5,	8,	0,	1,		Fill
6,	5,	4,	4,	1,		Pour
10,	5,	4,	0,	1,		Pour
10,	5,	5,	0,	0,		Pour
10,	5,	5,	0,	6,		Fill
15,	5,	5,	0,	1,		Pour
11,	5,	5,	4,	1,		Pour
11,	5,	5,	0,	1,		Empty
11,	5,	5,	1,	0,		Pour
5,	5,	5,	1,	6,		Pour
5,	5,	5,	1,	0,		Empty
5,	5,	5,	0,	1,		Pour
Path / States: 34/7050 (25496)

Input: 2.2
0,	0,	0,	0,	0,		None
15,	0,	0,	0,	0,		Fill
11,	0,	0,	4,	0,		Pour
11,	0,	0,	4,	6,		Fill
11,	0,	4,	0,	6,		Pour
11,	0,	4,	4,	6,		Fill
11,	0,	4,	4,	0,		Empty
5,	0,	4,	4,	6,		Pour
5,	0,	4,	4,	0,		Empty
0,	0,	4,	4,	5,		Pour
4,	0,	0,	4,	5,		Pour
8,	0,	0,	0,	5,		Pour
8,	0,	0,	4,	5,		Fill
12,	0,	0,	0,	5,		Pour
12,	0,	0,	4,	5,		Fill
12,	0,	4,	0,	5,		Pour
12,	0,	3,	0,	6,		Pour
12,	0,	3,	4,	2,		Pour
12,	2,	3,	4,	0,		Pour
12,	2,	3,	0,	4,		Pour
12,	2,	3,	4,	4,		Fill
14,	0,	3,	4,	4,		Pour
15,	0,	3,	3,	4,		Pour
13,	0,	3,	3,	6,		Pour
13,	0,	3,	4,	5,		Pour
13,	0,	3,	0,	5,		Empty
13,	0,	3,	4,	1,		Pour
13,	1,	3,	4,	0,		Pour
13,	1,	3,	0,	4,		Pour
13,	1,	3,	4,	4,		Fill
11,	1,	3,	4,	6,		Pour
11,	1,	3,	4,	0,		Empty
5,	1,	3,	4,	6,		Pour
5,	1,	3,	4,	0,		Empty
0,	1,	3,	4,	5,		Pour
4,	1,	3,	0,	5,		Pour
4,	1,	3,	4,	5,		Fill
8,	1,	3,	0,	5,		Pour
8,	1,	3,	4,	5,		Fill
12,	1,	3,	0,	5,		Pour
12,	1,	3,	4,	5,		Fill
Path / States: 40/9550 (28547)

Input: 2.3
0,	0,	0,	0,	0,		None
15,	0,	0,	0,	0,		Fill
11,	0,	0,	4,	0,		Pour
11,	0,	0,	4,	6,		Fill
11,	0,	4,	0,	6,		Pour
11,	0,	4,	4,	6,		Fill
11,	0,	4,	4,	0,		Empty
5,	0,	4,	4,	6,		Pour
5,	0,	4,	4,	0,		Empty
0,	0,	4,	4,	5,		Pour
4,	0,	0,	4,	5,		Pour
8,	0,	0,	0,	5,		Pour
8,	0,	0,	4,	5,		Fill
12,	0,	0,	0,	5,		Pour
12,	0,	0,	4,	5,		Fill
12,	0,	4,	0,	5,		Pour
12,	0,	4,	4,	1,		Pour
12,	1,	4,	4,	0,		Pour
12,	1,	4,	4,	6,		Fill
15,	1,	4,	4,	3,		Pour
11,	1,	8,	4,	3,		Pour
11,	1,	0,	4,	3,		Empty
11,	1,	3,	4,	0,		Pour
5,	1,	3,	4,	6,		Pour
5,	1,	3,	4,	0,		Empty
0,	1,	3,	4,	5,		Pour
15,	1,	3,	4,	5,		Fill
15,	1,	3,	0,	5,		Empty
11,	1,	3,	4,	5,		Pour
Path / States: 28/5745 (20263)

Input: 2.4
0,	0,	0,	0,	0,		None
0,	12,	0,	0,	0,		Fill
0,	12,	0,	0,	6,		Fill
0,	12,	8,	0,	6,		Fill
0,	12,	4,	4,	6,		Pour
4,	12,	4,	0,	6,		Pour
15,	12,	4,	0,	6,		Fill
11,	12,	4,	4,	6,		Pour
11,	12,	4,	0,	6,		Empty
7,	12,	4,	4,	6,		Pour
7,	12,	4,	0,	6,		Empty
3,	12,	4,	4,	6,		Pour
3,	12,	4,	0,	6,		Empty
Path / States: 12/448 (1975)

Input: 2.5
0,	0,	0,	0,	0,		None
0,	0,	0,	0,	6,		Fill
0,	0,	0,	4,	6,		Fill
0,	0,	4,	0,	6,		Pour
0,	0,	4,	4,	2,		Pour
2,	0,	4,	4,	0,		Pour
2,	0,	4,	4,	6,		Fill
2,	12,	4,	4,	6,		Fill
14,	0,	4,	4,	6,		Pour
15,	0,	4,	3,	6,		Pour
0,	0,	4,	3,	6,		Empty
3,	0,	4,	0,	6,		Pour
3,	0,	4,	4,	6,		Fill
3,	0,	4,	4,	0,		Empty
3,	0,	4,	0,	4,		Pour
3,	0,	4,	4,	4,		Fill
3,	0,	4,	2,	6,		Pour
3,	2,	4,	0,	6,		Pour
0,	2,	4,	3,	6,		Pour
2,	0,	4,	3,	6,		Pour
Path / States: 19/766 (2762)

Input: 3.1
0,	0,	0,	0,	0,		None
14,	0,	0,	0,	0,		Fill
14,	0,	12,	0,	0,		Fill
14,	10,	12,	0,	0,		Fill
14,	10,	12,	0,	8,		Fill
11,	10,	12,	3,	8,		Pour
11,	10,	12,	0,	8,		Empty
11,	10,	12,	3,	5,		Pour
11,	10,	12,	0,	5,		Empty
8,	10,	12,	3,	5,		Pour
13,	10,	12,	3,	0,		Pour
13,	10,	12,	3,	8,		Fill
13,	10,	12,	0,	8,		Empty
13,	7,	12,	3,	8,		Pour
13,	7,	12,	0,	8,		Empty
13,	7,	12,	3,	5,		Pour
13,	7,	12,	0,	5,		Empty
13,	4,	12,	3,	5,		Pour
13,	9,	12,	3,	0,		Pour
13,	9,	12,	3,	8,		Fill
13,	9,	12,	0,	8,		Empty
13,	9,	12,	3,	5,		Pour
13,	9,	12,	0,	5,		Empty
13,	9,	12,	3,	2,		Pour
13,	9,	12,	0,	2,		Empty
13,	9,	12,	2,	0,		Pour
13,	9,	12,	2,	8,		Fill
13,	9,	12,	3,	7,		Pour
13,	9,	12,	0,	7,		Empty
13,	9,	11,	0,	8,		Pour
13,	9,	11,	3,	5,		Pour
13,	9,	11,	0,	5,		Empty
13,	9,	11,	3,	2,		Pour
13,	9,	11,	0,	2,		Empty
13,	9,	11,	2,	0,		Pour
13,	9,	11,	2,	8,		Fill
13,	9,	12,	2,	7,		Pour
Path / States: 36/1367 (4349)

Input: 3.2
0,	0,	0,	0,	0,		None
0,	0,	0,	3,	0,		Fill
0,	10,	0,	3,	0,		Fill
0,	2,	0,	3,	8,		Pour
0,	2,	8,	3,	0,		Pour
0,	5,	8,	0,	0,		Pour
0,	5,	5,	3,	0,		Pour
0,	5,	5,	0,	3,		Pour
0,	5,	5,	3,	3,		Fill
3,	5,	5,	0,	3,		Pour
3,	5,	5,	3,	3,		Fill
3,	5,	5,	0,	6,		Pour
3,	5,	5,	3,	6,		Fill
1,	5,	5,	3,	8,		Pour
1,	5,	5,	3,	0,		Empty
1,	5,	5,	0,	3,		Pour
1,	5,	5,	3,	3,		Fill
1,	5,	5,	0,	6,		Pour
1,	5,	5,	3,	6,		Fill
1,	5,	5,	1,	8,		Pour
1,	5,	5,	1,	0,		Empty
1,	5,	5,	0,	1,		Pour
1,	5,	5,	3,	1,		Fill
1,	5,	5,	0,	4,		Pour
1,	5,	5,	3,	4,		Fill
Path / States: 24/370 (3755)

Input: 3.3
0,	0,	0,	0,	0,		None
0,	10,	0,	0,	0,		Fill
0,	10,	0,	3,	0,		Fill
0,	10,	3,	0,	0,		Pour
0,	10,	3,	3,	0,		Fill
0,	10,	6,	0,	0,		Pour
0,	10,	6,	3,	0,		Fill
0,	10,	6,	3,	8,		Fill
0,	10,	12,	3,	2,		Pour
0,	10,	0,	3,	2,		Empty
0,	10,	2,	3,	0,		Pour
0,	10,	5,	0,	0,		Pour
0,	7,	5,	3,	0,		Pour
0,	7,	5,	0,	0,		Empty
0,	4,	5,	3,	0,		Pour
0,	9,	0,	3,	0,		Pour
0,	9,	3,	0,	0,		Pour
0,	9,	3,	3,	0,		Fill
0,	9,	6,	0,	0,		Pour
0,	9,	6,	3,	0,		Fill
0,	9,	6,	3,	8,		Fill
0,	9,	12,	3,	2,		Pour
0,	9,	0,	3,	2,		Empty
0,	9,	2,	3,	0,		Pour
0,	9,	5,	0,	0,		Pour
0,	9,	5,	3,	0,		Fill
0,	9,	5,	3,	8,		Fill
0,	9,	12,	3,	1,		Pour
0,	9,	0,	3,	1,		Empty
0,	9,	3,	0,	1,		Pour
0,	9,	3,	3,	1,		Fill
0,	9,	6,	0,	1,		Pour
0,	9,	6,	3,	1,		Fill
Path / States: 32/300 (2290)

Input: 3.4
0,	0,	0,	0,	0,		None
0,	0,	12,	0,	0,		Fill
14,	0,	12,	0,	0,		Fill
11,	0,	12,	3,	0,		Pour
11,	0,	12,	0,	3,		Pour
11,	0,	12,	3,	3,		Fill
11,	0,	12,	0,	6,		Pour
14,	0,	12,	0,	6,		Fill
12,	0,	12,	0,	8,		Pour
12,	0,	12,	3,	5,		Pour
12,	0,	12,	0,	5,		Empty
12,	0,	12,	3,	2,		Pour
12,	0,	12,	0,	2,		Empty
Path / States: 12/39 (359)

Input: 3.5
0,	0,	0,	0,	0,		None
0,	0,	12,	0,	0,		Fill
12,	0,	0,	0,	0,		Pour
12,	0,	12,	0,	0,		Fill
9,	0,	12,	3,	0,		Pour
9,	3,	12,	0,	0,		Pour
14,	3,	7,	0,	0,		Pour
7,	10,	7,	0,	0,		Pour
7,	0,	7,	0,	0,		Empty
7,	0,	7,	3,	0,		Fill
7,	3,	7,	0,	0,		Pour
Path / States: 10/31 (327)

Input: 3.6
0,	0,	0,	0,	0,		None
0,	0,	0,	0,	8,		Fill
0,	0,	12,	0,	8,		Fill
12,	0,	0,	0,	8,		Pour
12,	0,	12,	0,	8,		Fill
9,	0,	12,	3,	8,		Pour
9,	0,	12,	0,	8,		Empty
14,	0,	7,	0,	8,		Pour
0,	0,	7,	0,	8,		Empty
7,	0,	0,	0,	8,		Pour
7,	0,	8,	0,	0,		Pour
7,	0,	8,	0,	8,		Fill
7,	0,	8,	3,	8,		Fill
7,	0,	11,	0,	8,		Pour
7,	0,	12,	0,	7,		Pour
7,	0,	0,	0,	7,		Empty
7,	0,	7,	0,	0,		Pour
7,	0,	7,	0,	8,		Fill
7,	0,	7,	3,	5,		Pour
7,	0,	7,	0,	5,		Empty
7,	0,	7,	3,	2,		Pour
7,	0,	7,	0,	2,		Empty
7,	2,	7,	0,	0,		Pour
7,	2,	7,	0,	8,		Fill
7,	0,	7,	2,	8,		Pour
7,	0,	7,	3,	7,		Pour
7,	0,	7,	0,	7,		Empty
Path / States: 26/1197 (8178)

DONE
